BE26	ASV193	100.00	253	0	0	444	696	1	253	3e-132	  468
BE27	ASV193	100.00	253	0	0	450	702	1	253	3e-132	  468
BE28	ASV193	100.00	253	0	0	452	704	1	253	3e-132	  468
BE29	ASV39	100.00	253	0	0	433	685	1	253	3e-132	  468
BE30	ASV39	100.00	253	0	0	433	685	1	253	3e-132	  468
BE31	ASV81	100.00	253	0	0	417	669	1	253	3e-132	  468
BE32	ASV81	100.00	253	0	0	417	669	1	253	3e-132	  468
BE33	ASV3899	100.00	253	0	0	419	671	1	253	2e-132	  468
BE34	ASV81	100.00	253	0	0	418	670	1	253	3e-132	  468
BE35	ASV4861	98.81	253	3	0	417	669	1	253	2e-127	  451
BE36	ASV5271	95.63	252	11	0	438	689	1	252	2e-113	  405
BE38	ASV91	100.00	253	0	0	436	688	1	253	3e-132	  468
BE39	ASV4861	98.81	253	3	0	419	671	1	253	3e-127	  451
BE40	ASV1915	100.00	253	0	0	433	685	1	253	3e-132	  468
BE41	ASV188	100.00	253	0	0	411	663	1	253	3e-132	  468
BE42	ASV420	99.60	253	1	0	436	688	1	253	3e-131	  464
BE43	ASV193	100.00	253	0	0	450	702	1	253	3e-132	  468
BE44	ASV5115	100.00	253	0	0	436	688	1	253	3e-132	  468
BE45	ASV193	100.00	253	0	0	448	700	1	253	3e-132	  468
BE46	ASV393	100.00	253	0	0	435	687	1	253	3e-132	  468
BE47	ASV1106	100.00	253	0	0	434	686	1	253	3e-132	  468
BE48	ASV452	100.00	253	0	0	442	694	1	253	3e-132	  468
BE49	ASV765	100.00	253	0	0	383	635	1	253	2e-132	  468
BE50	ASV4621	100.00	253	0	0	455	707	1	253	3e-132	  468
BE51	ASV430	100.00	253	0	0	416	668	1	253	2e-132	  468
BE52	ASV12	100.00	253	0	0	433	685	1	253	3e-132	  468
BE53	ASV1592	100.00	253	0	0	380	632	1	253	2e-132	  468
BE54	ASV188	100.00	253	0	0	409	661	1	253	3e-132	  468
BE55	ASV393	100.00	253	0	0	434	686	1	253	3e-132	  468
BE56	ASV1350	98.42	253	4	0	433	685	1	253	1e-125	  446
BE57	ASV81	100.00	253	0	0	417	669	1	253	3e-132	  468
BE59	ASV3270	100.00	253	0	0	381	633	1	253	2e-132	  468
BE60	ASV39	100.00	253	0	0	435	687	1	253	3e-132	  468
BE61	ASV2066	99.60	253	1	0	434	686	1	253	1e-130	  462
BE62	ASV1350	96.84	253	8	0	433	685	1	253	6e-119	  424
BE63	ASV193	100.00	253	0	0	446	698	1	253	3e-132	  468
BE64	ASV193	100.00	253	0	0	449	701	1	253	3e-132	  468
BE65	ASV665	100.00	253	0	0	448	700	1	253	3e-132	  468
BE65B	ASV193	100.00	253	0	0	447	699	1	253	3e-132	  468
BE66	ASV296	100.00	253	0	0	448	700	1	253	3e-132	  468
BE68	ASV188	100.00	253	0	0	411	663	1	253	3e-132	  468
BE69	ASV12	100.00	253	0	0	432	684	1	253	3e-132	  468
BE70	ASV350	100.00	253	0	0	380	632	1	253	2e-132	  468
BE71	ASV19	100.00	253	0	0	419	671	1	253	3e-132	  468
BE72	ASV77	100.00	253	0	0	382	634	1	253	2e-132	  468
BE74	ASV296	100.00	253	0	0	448	700	1	253	3e-132	  468
BE75	ASV3772	100.00	108	0	0	1	108	146	253	6e-52	  200
BE76	ASV3772	100.00	107	0	0	1	107	147	253	2e-51	  198
BE79	ASV321	100.00	253	0	0	447	699	1	253	3e-132	  468
BE80	ASV302	100.00	252	0	0	451	702	1	252	9e-132	  466
BE81	ASV302	100.00	252	0	0	451	702	1	252	9e-132	  466
BE82	ASV2719	100.00	253	0	0	382	634	1	253	2e-132	  468
BE83	ASV8	100.00	253	0	0	381	633	1	253	2e-132	  468
BE84	ASV236	100.00	253	0	0	383	635	1	253	2e-132	  468
BE85	ASV600	100.00	253	0	0	419	671	1	253	3e-132	  468
BE88	ASV481	100.00	253	0	0	380	632	1	253	2e-132	  468
BE91	ASV8	100.00	253	0	0	379	631	1	253	2e-132	  468
BE92	ASV13	100.00	253	0	0	427	679	1	253	3e-132	  468
BE93	ASV792	100.00	253	0	0	383	635	1	253	2e-132	  468
BE94	ASV665	100.00	253	0	0	446	698	1	253	3e-132	  468
BE95	ASV1356	100.00	253	0	0	380	632	1	253	2e-132	  468
BE96	ASV91	100.00	253	0	0	434	686	1	253	3e-132	  468
BE97	ASV4308	100.00	253	0	0	446	698	1	253	3e-132	  468
BE98	ASV362	100.00	253	0	0	386	638	1	253	1e-132	  468
BE100	ASV765	100.00	253	0	0	384	636	1	253	2e-132	  468
BE101	ASV13	100.00	253	0	0	427	679	1	253	3e-132	  468
BE102	ASV3592	100.00	253	0	0	381	633	1	253	2e-132	  468
BE103	ASV452	95.65	253	11	0	440	692	1	253	6e-114	  407
BE104	ASV7471	100.00	252	0	0	450	701	1	252	9e-132	  466
BE105	ASV12	100.00	253	0	0	434	686	1	253	3e-132	  468
BE107	ASV2204	100.00	253	0	0	440	692	1	253	3e-132	  468
BE108	ASV362	100.00	253	0	0	384	636	1	253	2e-132	  468
BE109	ASV236	100.00	253	0	0	384	636	1	253	2e-132	  468
BE110	ASV2719	100.00	253	0	0	380	632	1	253	2e-132	  468
BE112	ASV8	100.00	253	0	0	379	631	1	253	2e-132	  468
BE113	ASV891	100.00	253	0	0	383	635	1	253	2e-132	  468
BE114	ASV12	100.00	253	0	0	432	684	1	253	3e-132	  468
BE115	ASV477	100.00	253	0	0	432	684	1	253	3e-132	  468
BE116	ASV1379	100.00	253	0	0	436	688	1	253	3e-132	  468
BE117	ASV13	100.00	253	0	0	430	682	1	253	3e-132	  468
BE118	ASV430	100.00	253	0	0	423	675	1	253	3e-132	  468
BE120	ASV8	100.00	253	0	0	381	633	1	253	2e-132	  468
BE121	ASV430	100.00	253	0	0	421	673	1	253	3e-132	  468
BE122	ASV687	100.00	253	0	0	384	636	1	253	2e-132	  468
BE123	ASV2888	98.38	247	4	0	390	636	7	253	3e-122	  435
BE124	ASV163	100.00	253	0	0	427	679	1	253	3e-132	  468
BE125	ASV617	100.00	253	0	0	384	636	1	253	2e-132	  468
BE126	ASV150	100.00	253	0	0	385	637	1	253	2e-132	  468
BE127	ASV2116	100.00	253	0	0	435	687	1	253	3e-132	  468
BE128	ASV3528	97.23	253	7	0	385	637	1	253	1e-120	  429
BE153	ASV90	100.00	253	0	0	383	635	1	253	2e-132	  468
BE154	ASV522	99.61	254	0	1	415	668	1	253	1e-130	  462
BE156	ASV270	100.00	253	0	0	411	663	1	253	3e-132	  468
BE157	ASV90	100.00	253	0	0	382	634	1	253	2e-132	  468
BE159	ASV8	100.00	253	0	0	381	633	1	253	2e-132	  468
BE164	ASV270	100.00	253	0	0	414	666	1	253	3e-132	  468
BE166	ASV350	100.00	253	0	0	383	635	1	253	2e-132	  468
BE167	ASV19	100.00	253	0	0	415	667	1	253	3e-132	  468
BE168	ASV236	100.00	253	0	0	383	635	1	253	2e-132	  468
BE170	ASV270	100.00	253	0	0	411	663	1	253	3e-132	  468
BE171	ASV1811	100.00	253	0	0	423	675	1	253	3e-132	  468
BE172	ASV2719	100.00	253	0	0	381	633	1	253	2e-132	  468
BE173	ASV5572	100.00	253	0	0	440	692	1	253	3e-132	  468
BE177	ASV2203	100.00	253	0	0	385	637	1	253	2e-132	  468
BE178	ASV5578	98.81	253	3	0	411	663	1	253	3e-127	  451
BE179	ASV3772	100.00	107	0	0	1	107	147	253	2e-51	  198
BE180	ASV4861	98.81	253	3	0	416	668	1	253	3e-127	  451
BE181	ASV792	100.00	253	0	0	385	637	1	253	2e-132	  468
BE182	ASV3772	100.00	105	0	0	1	105	149	253	3e-50	  195
BE183	ASV8	100.00	253	0	0	382	634	1	253	2e-132	  468
BE184	ASV233	100.00	253	0	0	381	633	1	253	2e-132	  468
BE186	ASV5417	96.44	253	9	0	386	638	1	253	3e-117	  418
BE187	ASV151	100.00	253	0	0	442	694	1	253	3e-132	  468
BE190	ASV6114	100.00	111	0	0	1	111	143	253	1e-53	  206
BE191	ASV3772	100.00	106	0	0	1	106	148	253	8e-51	  196
BE193	ASV58	100.00	253	0	0	429	681	1	253	3e-132	  468
BE194	ASV150	100.00	253	0	0	385	637	1	253	2e-132	  468
BE195	ASV3772	100.00	112	0	0	1	112	142	253	4e-54	  207
BE196	ASV283	100.00	253	0	0	452	704	1	253	3e-132	  468
BE197	ASV13	100.00	253	0	0	429	681	1	253	3e-132	  468
BE198	ASV4604	100.00	253	0	0	442	694	1	253	3e-132	  468
BE201	ASV81	100.00	253	0	0	419	671	1	253	3e-132	  468
BE203	ASV1114	99.60	253	1	0	443	695	1	253	1e-130	  462
BE206	ASV1114	99.60	253	1	0	446	698	1	253	1e-130	  462
BE207	ASV665	100.00	253	0	0	446	698	1	253	3e-132	  468
BE212	ASV600	100.00	253	0	0	419	671	1	253	3e-132	  468
BE213	ASV492	100.00	253	0	0	385	637	1	253	2e-132	  468
BE215	ASV492	100.00	253	0	0	384	636	1	253	2e-132	  468
BE216	ASV891	100.00	253	0	0	384	636	1	253	2e-132	  468
BE219	ASV321	100.00	253	0	0	446	698	1	253	3e-132	  468
BE220	ASV4308	100.00	253	0	0	447	699	1	253	3e-132	  468
BE222	ASV891	100.00	253	0	0	385	637	1	253	2e-132	  468
BE223	ASV891	100.00	253	0	0	385	637	1	253	2e-132	  468
BE224	ASV13	100.00	253	0	0	430	682	1	253	3e-132	  468
BE228	ASV452	95.65	253	11	0	443	695	1	253	6e-114	  407
BE231	ASV4308	100.00	253	0	0	448	700	1	253	3e-132	  468
BE232	ASV283	100.00	253	0	0	449	701	1	253	3e-132	  468
BE233	ASV39	100.00	253	0	0	432	684	1	253	3e-132	  468
BE234	ASV452	95.65	253	11	0	443	695	1	253	6e-114	  407
BE235	ASV687	100.00	253	0	0	385	637	1	253	2e-132	  468
BE236	ASV4308	100.00	253	0	0	446	698	1	253	3e-132	  468
BE239	ASV90	100.00	253	0	0	383	635	1	253	2e-132	  468
BE240	ASV477	100.00	253	0	0	433	685	1	253	3e-132	  468
BE241	ASV171	100.00	253	0	0	437	689	1	253	3e-132	  468
BE242	ASV81	100.00	253	0	0	420	672	1	253	3e-132	  468
BE243	ASV1356	99.60	253	1	0	383	635	1	253	1e-130	  462
BE248	ASV266	100.00	253	0	0	414	666	1	253	3e-132	  468
BE249	ASV687	100.00	253	0	0	383	635	1	253	2e-132	  468
BE251	ASV1356	100.00	253	0	0	380	632	1	253	2e-132	  468
BE254	ASV1030	100.00	253	0	0	381	633	1	253	2e-132	  468
BE255	ASV1030	100.00	253	0	0	384	636	1	253	2e-132	  468
BE256	ASV2669	99.60	253	1	0	381	633	1	253	1e-130	  462
BE257	ASV90	100.00	253	0	0	380	632	1	253	1e-132	  468
BE258	ASV1356	99.60	253	1	0	379	631	1	253	1e-130	  462
BE259	ASV687	100.00	253	0	0	383	635	1	253	2e-132	  468
BE260	ASV1601	100.00	253	0	0	429	681	1	253	3e-132	  468
BE261	ASV19	100.00	253	0	0	412	664	1	253	3e-132	  468
BE264	ASV23	100.00	253	0	0	386	638	1	253	2e-132	  468
BE265	ASV360	100.00	253	0	0	433	685	1	253	3e-132	  468
BE268	ASV236	100.00	253	0	0	385	637	1	253	2e-132	  468
BE270	ASV150	100.00	253	0	0	383	635	1	253	1e-132	  468
BE275	ASV452	100.00	253	0	0	443	695	1	253	3e-132	  468
BE276	ASV452	100.00	253	0	0	441	693	1	253	3e-132	  468
BE277	ASV452	100.00	253	0	0	441	693	1	253	3e-132	  468
